Nseries	Time	Timestd	Acc	Accstd	F1	F1std	F1LO	F1LOstd
1	0.14386701583862305	0.006207068782659854	87.0	0.0	0.2809917355371901	0.0	0.2809917355371901	0.0
2	1.3903777837753295	0.03227591075728995	64.0	0.0	0.28888888888888886	0.0	0.20662761774853564	0.048682742679303
3	2.5676626682281496	0.15107665573281884	73.0	0.0	0.23157894736842102	2.7755575615628914e-17	0.27826777087646654	0.023895927478534265
4	1.8037368297576903	0.0847439240609317	63.0	0.0	0.33684210526315794	5.551115123125783e-17	0.28969222627460833	0.06496425233381094
5	5.118848896026611	0.44217725815200176	69.0	0.0	0.33009708737864074	5.551115123125783e-17	0.32576451037872767	0.023221884407333356
6	4.220359826087952	0.12105321668303705	68.0	0.0	0.31999999999999995	5.551115123125783e-17	0.3285721494926289	0.024964685675827908
7	5.557878637313843	0.3431702955299176	65.0	0.0	0.3564356435643564	0.0	0.3603357020845509	0.02867980389552363
8	5.519621205329895	0.3279824354986075	65.0	0.0	0.3564356435643564	0.0	0.3584241229552819	0.013302966500659505
9	5.147122001647949	0.4686281851891461	67.0	0.0	0.3619047619047619	0.0	0.3631425234144411	0.02154765415040715
10	5.7610763788223265	0.4909000486785673	58.0	0.0	0.42000000000000004	5.551115123125783e-17	0.4093921492989635	0.017954062356147965
11	6.010268020629883	0.6373895394461137	56.0	0.0	0.42857142857142855	0.0	0.4094967725104096	0.0281545621857586
12	5.217694330215454	0.39304740892425066	58.0	0.0	0.42000000000000004	5.551115123125783e-17	0.4331589103501779	0.015894843364697406
13	5.675779128074646	0.4959854850335238	54.0	0.0	0.4600000000000001	5.551115123125783e-17	0.4494662300371461	0.030574016552313024
14	4.773329734802246	0.17537211840634948	54.0	0.0	0.4600000000000001	5.551115123125783e-17	0.4543594026065147	0.02242776173080768
15	5.840507435798645	0.5531434272042958	57.0	0.0	0.4356435643564357	5.551115123125783e-17	0.43915633549939415	0.027997964349951082
16	10.061140394210815	2.430474159215533	55.0	0.0	0.4444444444444445	5.551115123125783e-17	0.4246002100776266	0.03200692765033079
17	11.172505378723145	1.2240949595011024	55.0	0.0	0.4444444444444445	5.551115123125783e-17	0.4455506922301102	0.02211391902539852
18	13.942029666900634	1.835570064089504	51.0	0.0	0.4742268041237113	0.0	0.43997447241464976	0.02454645302042089
19	20.72367603778839	3.186152775974294	51.0	0.0	0.4742268041237113	0.0	0.4663476974782947	0.00910755450357015
20	24.365208911895753	1.8413998125235123	54.0	0.0	0.44897959183673464	5.551115123125783e-17	0.4533189431661449	0.012790598168110838
21	22.14733283519745	4.084627986122583	56.0	0.0	0.42857142857142855	0.0	0.43667442095284337	0.025519762727149262
22	20.688754272460937	2.120020693475923	55.0	0.0	0.4444444444444445	5.551115123125783e-17	0.4499051002888869	0.02172898553518383
23	15.137371683120728	1.314391733746161	54.0	0.0	0.4375	0.0	0.4371741034255033	0.024250868833847316
24	24.078982949256897	2.3995130091987544	53.0	0.0	0.44210526315789467	5.551115123125783e-17	0.4465479950434671	0.010820621229726747
25	22.132771611213684	1.5687844075213495	53.0	0.0	0.44210526315789467	5.551115123125783e-17	0.45722621519406825	0.014935881983888122
26	19.39966995716095	3.2669632414727916	49.0	0.0	0.4731182795698924	1.1102230246251565e-16	0.4584420267248294	0.02740232538939997
27	13.20052945613861	0.8354215606854115	53.0	0.0	0.4536082474226804	0.0	0.45431203997398156	0.01418622922848034
28	17.324138498306276	2.291294793772501	51.0	0.0	0.46315789473684205	5.551115123125783e-17	0.4472620571713503	0.013764147221826874
29	20.37799792289734	3.2825347268417406	50.0	0.0	0.46808510638297884	1.1102230246251565e-16	0.4553250368647994	0.018844370408742976
30	17.123966407775878	2.5728819384309394	52.0	0.0	0.4583333333333333	0.0	0.4318241781988778	0.009101343961411606
31	23.58350236415863	8.806159275095135	54.0	0.0	0.4375	0.0	0.440887280595163	0.017233416851109327
32	25.238925075531007	2.6220223917042933	52.0	0.0	0.44680851063829785	0.0	0.44005342786308954	0.008519330668673228
33	22.596289443969727	1.8435680161549735	54.0	0.0	0.4375	0.0	0.4434077674719811	0.020580192311464664
34	23.377856063842774	3.171703178439104	54.0	0.0	0.4375	0.0	0.43540467713231157	0.025756770374983633
35	20.576310205459595	2.431065054598708	54.0	0.0	0.4375	0.0	0.4383832285538717	0.009639392387990187
36	18.108599066734314	2.105730345058607	55.0	0.0	0.4444444444444445	5.551115123125783e-17	0.43944628538700703	0.016588706715980502
37	20.94497139453888	2.0628534230281996	55.0	0.0	0.4444444444444445	5.551115123125783e-17	0.4393866585339146	0.010994285977617065
38	24.686307096481322	4.302081804505053	54.0	0.0	0.44897959183673464	5.551115123125783e-17	0.4339684027365497	0.016283541733583654
39	25.962619638442995	3.085682377165916	54.0	0.0	0.44897959183673464	5.551115123125783e-17	0.4285809719740409	0.01838168690979899
40	22.233735609054566	2.7746458919325065	54.0	0.0	0.44897959183673464	5.551115123125783e-17	0.43579800927224516	0.019733615009732735
41	22.59609451293945	6.3847720077649965	54.0	0.0	0.44897959183673464	5.551115123125783e-17	0.44158849327467653	0.009012566394377279
42	6.616526317596436	0.6824207642584669	72.0	0.0	0.4375	0.0	0.44789227856090885	0.007556464159599378
43	21.221587419509888	2.2796814016777116	54.0	0.0	0.44897959183673464	5.551115123125783e-17	0.44302940248264255	0.012218279179247336
44	19.26151225566864	1.2011019792329787	51.0	0.0	0.46315789473684205	5.551115123125783e-17	0.4476852196530244	0.014967725810320152
45	19.35866060256958	1.438565786925158	51.0	0.0	0.46315789473684205	5.551115123125783e-17	0.4498140186622669	0.011702166716472671
46	21.729352116584778	1.8144991045036338	52.0	0.0	0.4583333333333333	0.0	0.43677679433121464	0.03542957159161141
47	6.530180668830871	0.4288199212130548	95.0	0.0	0.3708609271523179	0.0	0.4480053186555633	0.011542071931939093
48	27.83516490459442	3.4186247692303633	52.0	0.0	0.4583333333333333	0.0	0.4404525002899232	0.028308218659589126
49	28.34273030757904	4.003752255040895	52.0	0.0	0.4583333333333333	0.0	0.4493108780014553	0.012605850050179926
50	27.787576246261597	4.219910623805949	52.0	0.0	0.4583333333333333	0.0	0.4544106334290861	0.01201194194880838
51	57.96973221302032	32.3321684683982	51.0	0.0	0.4516129032258064	5.551115123125783e-17	0.44326242509005953	0.009843160953747744
52	31.358860468864442	3.6846205547237028	51.0	0.0	0.4516129032258064	5.551115123125783e-17	0.4448872328369923	0.01792676838502405
53	30.184196448326112	5.979809062605463	52.0	0.0	0.44680851063829785	0.0	0.4482456441377981	0.00851748321602149
54	6.37150809764862	0.32156314175535966	90.0	0.0	0.36619718309859156	0.0	0.43862613487218394	0.03189942401145184
55	30.844998526573182	2.9481404512087055	51.0	0.0	0.4516129032258064	5.551115123125783e-17	0.45037532059386615	0.005268894621709266
56	27.202792716026305	1.300006653439829	51.0	0.0	0.4516129032258064	5.551115123125783e-17	0.4446078281683879	0.014686047816602536
57	34.47312452793121	7.013180362364263	51.0	0.0	0.4516129032258064	5.551115123125783e-17	0.45348658492341076	0.008174450370099999
58	30.335368943214416	2.181425177911302	51.0	0.0	0.4516129032258064	5.551115123125783e-17	0.4469564285877146	0.021935405686112363
59	32.755082201957705	1.789520392056737	52.0	0.0	0.44680851063829785	0.0	0.45018202978126576	0.00309760285277637
60	35.63738181591034	1.6330705952348095	52.0	0.0	0.44680851063829785	0.0	0.43967529986071463	0.018639065646796446
61	30.644098353385925	1.7613416531058428	51.0	0.0	0.4516129032258064	5.551115123125783e-17	0.4435991673764188	0.02317542676276356
62	38.163250994682315	4.3475776201900205	52.0	0.0	0.44680851063829785	0.0	0.44567240293446453	0.007902774051366952
63	39.00027236938477	3.864836252765432	52.0	0.0	0.44680851063829785	0.0	0.4478405342943165	0.005958999140057451
64	13.701230120658874	2.9923110958201735	70.0	0.0	0.42622950819672123	5.551115123125783e-17	0.4454775310211872	0.006342223962736296
65	48.4826575756073	6.014491416784532	52.0	0.0	0.44680851063829785	0.0	0.4464390424039867	0.00685824938861289
66	36.62467565536499	1.631987307979419	52.0	0.0	0.44680851063829785	0.0	0.4487808539693957	0.005287960603322958
67	34.83688747882843	1.7470638143262143	52.0	0.0	0.44680851063829785	0.0	0.44974270820735995	0.0053605104185341255
68	41.26836266517639	6.926907062499027	51.0	0.0	0.4516129032258064	5.551115123125783e-17	0.44643828875269953	0.010161431677571935
69	48.70610337257385	6.375228901059512	52.0	0.0	0.44680851063829785	0.0	0.4473708836859055	0.006251900825920339
70	45.637674832344054	9.95366148846603	52.0	0.0	0.44680851063829785	0.0	0.4445074731941907	0.005327784287659854
71	42.99797999858856	2.1463341291095857	52.0	0.0	0.44680851063829785	0.0	0.4405363346301153	0.006737755205776968
72	45.316536688804625	1.6569060034571061	52.0	0.0	0.44680851063829785	0.0	0.44593836038127305	0.005920113036443792
73	42.08550314903259	2.099551223987907	52.0	0.0	0.44680851063829785	0.0	0.44635841491167855	0.0033241559112707274
74	37.3751273393631	1.5124551128838382	54.0	0.0	0.4375	0.0	0.4417035404697736	0.005289059361588839
75	34.87249491214752	1.6995584929224408	53.0	0.0	0.44210526315789467	5.551115123125783e-17	0.43710536004960854	0.005128918535188288
76	11.435051822662354	0.7932248741332899	73.0	0.0	0.41600000000000004	5.551115123125783e-17	0.4407824878381946	0.005534210445298104
77	36.992472648620605	1.2059705187996195	55.0	0.0	0.43298969072164956	5.551115123125783e-17	0.43487940767485667	0.01680496566968068
78	41.40156610012055	1.5308074895598685	55.0	0.0	0.43298969072164956	5.551115123125783e-17	0.4389198635434825	0.004608152665170399
79	44.585482883453366	1.169500977319986	54.0	0.0	0.4375	0.0	0.43894719875123006	0.005712281838542236
80	49.65513446331024	6.65399512360413	54.0	0.0	0.4375	0.0	0.4404327668863305	0.008823101458639354
81	40.74950807094574	1.2784915994221742	54.0	0.0	0.4375	0.0	0.43928051511758115	0.007604855281714446
82	41.16488425731659	3.105758700012489	54.0	0.0	0.4375	0.0	0.44356586172018925	0.005170332462273346
83	44.28586554527283	2.214767770760461	53.0	0.0	0.44210526315789467	5.551115123125783e-17	0.4383888708169181	0.008322207192463968
84	45.0588223695755	2.204486956355046	54.0	0.0	0.4375	0.0	0.44307748641682315	0.008863633773778202
85	48.2817480802536	3.0170531594394143	53.0	0.0	0.44210526315789467	5.551115123125783e-17	0.4400269118231406	0.006548511140091468
86	44.615607142448425	1.6131785168865584	53.0	0.0	0.44210526315789467	5.551115123125783e-17	0.4433397569360086	0.00840905104254334
87	49.12808561325073	2.700537969181921	53.0	0.0	0.44210526315789467	5.551115123125783e-17	0.4416842466495683	0.004422408874515053
88	50.18372235298157	3.136727755259931	53.0	0.0	0.44210526315789467	5.551115123125783e-17	0.4402904256072054	0.009894036793036085
89	49.36429278850555	2.4661487665867305	53.0	0.0	0.44210526315789467	5.551115123125783e-17	0.44004262140361056	0.006312583720814557
90	62.59434158802033	3.197112160303681	53.0	0.0	0.44210526315789467	5.551115123125783e-17	0.443536150344977	0.003679271133209618
91	51.67954299449921	3.0425687271526116	53.0	0.0	0.44210526315789467	5.551115123125783e-17	0.4437375525292297	0.005442236276968599
92	55.805162620544436	2.1049036488099477	52.0	0.0	0.44680851063829785	0.0	0.44328978976267025	0.006948749474825248
93	45.60071122646332	1.7379452907508608	52.0	0.0	0.44680851063829785	0.0	0.4320014565785416	0.02494245671458698
94	45.33560247421265	1.0501843000482312	52.0	0.0	0.44680851063829785	0.0	0.4492312657744746	0.003874256995132062
95	14.525713324546814	0.6278028244076765	78.0	0.0	0.417910447761194	0.0	0.4501924741129778	0.0037871901444997743
96	62.387905025482176	1.9837998371915089	51.0	0.0	0.4516129032258064	5.551115123125783e-17	0.4478405342943165	0.005958999140057451
97	57.130214715003966	2.413747733360913	51.0	0.0	0.4516129032258064	5.551115123125783e-17	0.45388665227524105	0.006785191113540831
98	55.04661231040954	3.194271992986537	51.0	0.0	0.4516129032258064	5.551115123125783e-17	0.4482599429252609	0.003055858841065114
99	59.969915580749515	2.2732984822195745	51.0	0.0	0.4516129032258064	5.551115123125783e-17	0.4460220020710664	0.008593666065698165
100	66.18938944339752	1.677976549936134	52.0	0.0	0.44680851063829785	0.0	0.44594785576922746	0.006248402279369039
