Nseries	Time	Timestd	Acc	Accstd	F1	F1std	F1LO	F1LOstd
1	0.2688499212265015	0.03058279838732817	104.0	0.0	0.2972972972972973	0.0	0.2972972972972973	0.0
2	0.9692611694335938	0.0743243474689463	70.0	0.0	0.36363636363636365	0.0	0.25888615888615896	0.02514599275692394
3	1.777194356918335	0.4916798456223776	84.0	0.0	0.33333333333333337	5.551115123125783e-17	0.3463151247526823	0.019740376508404964
4	3.135116958618164	0.6873740035319048	74.0	0.0	0.4032258064516129	0.0	0.35051626032143385	0.02069059871638638
5	1.8520977020263671	0.38290915449100044	107.0	0.0	0.3435582822085889	5.551115123125783e-17	0.38485892139080236	0.0212792633966918
6	3.3698148012161253	0.4821167556422045	68.0	0.0	0.42372881355932196	5.551115123125783e-17	0.37471197595091615	0.042440521753496815
7	5.095220470428467	0.9231976404691009	68.0	0.0	0.4333333333333334	5.551115123125783e-17	0.41945896578543734	0.01861194569726963
8	4.3047034740448	1.0911447048228682	69.0	0.0	0.42016806722689076	0.0	0.4041361549824007	0.03470988844048654
9	4.008741688728333	0.9534839790933115	64.0	0.0	0.44827586206896547	5.551115123125783e-17	0.4196116719400126	0.0394014642499829
10	8.221638870239257	6.485780600855733	64.0	0.0	0.4385964912280701	5.551115123125783e-17	0.4236211942955637	0.02457606406068903
11	3.4898048400878907	0.1916771123295419	66.0	0.0	0.42105263157894735	0.0	0.40537785011457006	0.0446391268159231
12	3.43005256652832	0.12835854620341317	60.0	0.0	0.4545454545454545	5.551115123125783e-17	0.41815139147418173	0.03664086561444698
13	3.7395023345947265	0.36924736615465675	66.0	0.0	0.4406779661016949	0.0	0.4297663718233268	0.017428250762473566
14	2.201654648780823	0.5426011939708142	66.0	0.0	0.4406779661016949	0.0	0.4310088085557914	0.016371498651749094
15	3.3473211526870728	0.676146997040558	64.0	0.0	0.44827586206896547	5.551115123125783e-17	0.4406794755032874	0.02006077832642074
16	4.193008589744568	0.22147577954213754	65.0	0.0	0.43478260869565216	0.0	0.4466372929436025	0.009193514122150422
17	4.991291165351868	0.17101901330356883	61.0	0.0	0.46017699115044247	0.0	0.4408909218812216	0.021558747294169785
18	6.2384312629699705	0.5320413392945645	67.0	0.0	0.43697478991596644	5.551115123125783e-17	0.4355581489476381	0.015370488537587958
19	5.014543581008911	0.5978266349875819	62.0	0.0	0.44642857142857145	0.0	0.4300644609670772	0.03140015597593177
20	3.4188519954681396	0.28515027755607936	95.0	0.0	0.3790849673202614	0.0	0.42780371388898536	0.025965665671661246
21	5.177019429206848	0.30130537592218154	66.0	0.0	0.43103448275862066	0.0	0.4400359118423037	0.020096734131410974
22	4.868864560127259	0.2441375737060909	61.0	0.0	0.46017699115044247	0.0	0.4302247841016967	0.03257769253581111
23	2.374664235115051	0.07667969287956918	108.0	0.0	0.35714285714285715	0.0	0.41620885584917533	0.033135044472395535
24	6.3915568590164185	0.42889705292598157	69.0	0.0	0.42016806722689076	0.0	0.4219971517500758	0.02100557233802065
25	6.066027379035949	0.385702368905585	70.0	0.0	0.4067796610169491	5.551115123125783e-17	0.4174496979077678	0.025371131389807414
26	5.094101810455323	0.23279404209798557	91.0	0.0	0.38095238095238093	0.0	0.4328053905995774	0.020726041291448477
27	6.192914581298828	0.37662820927176754	68.0	0.0	0.4137931034482759	5.551115123125783e-17	0.43075742764030045	0.02262043198472212
28	6.899071478843689	0.55957440207283	62.0	0.0	0.44642857142857145	0.0	0.4337267811642205	0.022764047377934537
29	7.6562659502029415	0.44864791127656917	64.0	0.0	0.44827586206896547	5.551115123125783e-17	0.4245335521874532	0.016184844209850942
30	7.810594367980957	0.748729951882621	62.0	0.0	0.43636363636363634	0.0	0.4211445725392699	0.029321116905830013
31	6.444454622268677	0.5713197290453805	79.0	0.0	0.40601503759398494	0.0	0.4246326782906634	0.024535970786909764
32	11.00639762878418	2.2704655898813235	63.0	0.0	0.44247787610619477	5.551115123125783e-17	0.4271151018625008	0.02421571324143846
33	8.785569834709168	0.6085231992963094	60.0	0.0	0.4444444444444445	5.551115123125783e-17	0.444788435110077	0.026435057661837652
34	9.151113820075988	0.8671105666347615	65.0	0.0	0.43478260869565216	0.0	0.42924853541473906	0.030462459186877046
35	6.520382881164551	0.1301464792880499	74.0	0.0	0.4126984126984127	0.0	0.4383120124641825	0.021857320596310816
36	9.917748475074768	0.5016713410470902	60.0	0.0	0.4444444444444445	5.551115123125783e-17	0.4256278723991122	0.03236755515507144
37	15.91575722694397	2.664796289307163	61.0	0.0	0.46017699115044247	0.0	0.43442625667783197	0.02416439858142381
38	15.885633277893067	2.7586803335648495	58.0	0.0	0.46296296296296297	0.0	0.4387020994296308	0.03920399767111348
39	18.91748526096344	1.9767448630768545	58.0	0.0	0.46296296296296297	0.0	0.43394821567788594	0.0284551153955404
40	22.353618764877318	7.680419368882292	60.0	0.0	0.4642857142857143	0.0	0.4452051158390871	0.025422959945182108
41	14.341076397895813	2.29076436309566	64.0	0.0	0.4385964912280701	5.551115123125783e-17	0.4426999935519783	0.014845874988095111
42	13.622370648384095	1.587330463770966	60.0	0.0	0.4642857142857143	0.0	0.41639749751457533	0.031159202825084893
43	20.82956154346466	12.610724161520173	59.0	0.0	0.4587155963302753	5.551115123125783e-17	0.4379051764256296	0.022559703029857745
44	6.316122436523438	0.4721951123791552	95.0	0.0	0.3708609271523179	0.0	0.42477037492179714	0.022332112701828437
45	13.043473410606385	2.2413290622738593	67.0	0.0	0.4462809917355372	0.0	0.4299027321026564	0.022798898426481085
46	24.101263165473938	5.641785184682883	60.0	0.0	0.4642857142857143	0.0	0.4424910277651447	0.023851334997095523
47	17.914401149749757	3.1584475476738105	67.0	0.0	0.42735042735042733	0.0	0.4298347650494211	0.03876972116655138
48	37.21830830574036	15.39112774048399	67.0	0.0	0.43697478991596644	5.551115123125783e-17	0.4358000836478858	0.01839057526749694
49	32.950660943984985	2.2430377433903317	63.0	0.0	0.44247787610619477	5.551115123125783e-17	0.4294509604614647	0.02776367913507492
50	37.64520163536072	10.9223410320388	60.0	0.0	0.4642857142857143	0.0	0.4406638298820068	0.030125053748051474
51	42.23866991996765	4.493544368011723	58.0	0.0	0.46296296296296297	0.0	0.4457599211357436	0.01717827673870108
52	37.83417458534241	21.781930816240028	64.0	0.0	0.45762711864406774	5.551115123125783e-17	0.43142086218409703	0.03239196610335827
53	21.333981657028197	1.3753105548443227	64.0	0.0	0.45762711864406774	5.551115123125783e-17	0.43118711520551295	0.03299732343715887
54	20.677550888061525	1.2435935162839142	65.0	0.0	0.453781512605042	0.0	0.45535505914188645	0.014849324555395603
55	24.14270963668823	1.0368312496019405	59.0	0.0	0.48695652173913045	0.0	0.44302038757931966	0.03517776518439109
56	28.901285099983216	1.3304482888806577	65.0	0.0	0.4444444444444445	5.551115123125783e-17	0.43272744053022344	0.03820658794661526
57	25.581658124923706	0.6846482413032354	68.0	0.0	0.4333333333333334	5.551115123125783e-17	0.44879987613252703	0.015152750547182646
58	20.494634175300597	0.9259122097006522	85.0	0.0	0.3884892086330936	5.551115123125783e-17	0.4627214022380796	0.015417523638273636
59	25.632873749732973	1.124305167750146	59.0	0.0	0.4684684684684684	5.551115123125783e-17	0.44336171403338287	0.034361127967898544
60	17.27275037765503	1.1507706789329246	89.0	0.0	0.3945578231292517	0.0	0.4460167101511229	0.020696970439375125
61	15.968570899963378	0.9208107745363667	96.0	0.0	0.3924050632911392	0.0	0.4357364090728096	0.0315522378406605
62	13.721927046775818	0.6915668547173204	100.0	0.0	0.375	0.0	0.45793208866502033	0.02484988485573529
63	18.799099850654603	0.641066836353313	88.0	0.0	0.38028169014084506	0.0	0.44540221005769565	0.027818812261905412
64	42.26072509288788	11.655293498925909	65.0	0.0	0.4444444444444445	5.551115123125783e-17	0.42840962987402254	0.038353848327145994
65	44.680985713005064	9.028291895898139	69.0	0.0	0.42016806722689076	0.0	0.4380856041059844	0.03485412855402434
66	43.07019612789154	7.272395462225504	59.0	0.0	0.4684684684684684	5.551115123125783e-17	0.4475588264551148	0.026608215070217874
67	42.13674292564392	6.7459600321645485	65.0	0.0	0.4444444444444445	5.551115123125783e-17	0.4451289430269715	0.032146179196272925
68	43.759751081466675	6.3636227634942815	61.0	0.0	0.46017699115044247	0.0	0.43644978010005475	0.022864308749182407
69	32.057858276367185	3.352568820467118	66.0	0.0	0.43103448275862066	0.0	0.43770465847842993	0.03905342394518679
70	35.97170124053955	5.988282036138814	62.0	0.0	0.4561403508771929	5.551115123125783e-17	0.4454725798304698	0.01757757649270909
71	36.98385779857635	3.4351157378338435	62.0	0.0	0.4561403508771929	5.551115123125783e-17	0.42795932933687614	0.04032998849261088
72	32.20686423778534	3.5983934108833706	61.0	0.0	0.4695652173913044	5.551115123125783e-17	0.45582344731022867	0.012420836984561427
73	31.18355703353882	1.3202994624419087	61.0	0.0	0.46017699115044247	0.0	0.44350414537562877	0.03879277981753395
74	29.042049288749695	1.324509421228986	61.0	0.0	0.4695652173913044	5.551115123125783e-17	0.436345203801045	0.02990028079910608
75	37.239510083198546	2.2427975298182865	59.0	0.0	0.4587155963302753	5.551115123125783e-17	0.44072050912017957	0.0371642645023907
76	36.2111177444458	1.4733528393195146	61.0	0.0	0.46017699115044247	0.0	0.4498354664996991	0.029661533176688504
77	38.24049050807953	1.3205419691708016	58.0	0.0	0.46296296296296297	0.0	0.4114531929141677	0.03353680895185129
78	40.37921462059021	2.101838520371609	59.0	0.0	0.4684684684684684	5.551115123125783e-17	0.4542052689374404	0.010370839895356771
79	32.555375528335574	2.130221010601506	63.0	0.0	0.46153846153846156	0.0	0.435721079483132	0.04347066608478519
80	36.088553881645204	2.35162556528416	65.0	0.0	0.4444444444444445	5.551115123125783e-17	0.45125153236981286	0.032648816401944294
81	33.72425978183746	3.4306525862954196	74.0	0.0	0.421875	0.0	0.42579562515843355	0.03668878234289822
82	40.31191070079804	2.7553440507957605	59.0	0.0	0.4684684684684684	5.551115123125783e-17	0.44686173758805936	0.03293783281023964
83	39.286475253105166	2.1438206153241124	62.0	0.0	0.44642857142857145	0.0	0.44200178486531005	0.038900025016271864
84	32.40168583393097	1.8244390135392974	65.0	0.0	0.4444444444444445	5.551115123125783e-17	0.46156700279821256	0.02859152786342078
85	42.15591933727264	3.5256450657160396	63.0	0.0	0.4521739130434782	5.551115123125783e-17	0.4348374598415986	0.039418193057694416
86	44.97759726047516	1.8172829141464208	63.0	0.0	0.44247787610619477	5.551115123125783e-17	0.43509774703724985	0.040364260035603276
87	44.399395966529845	1.6205113019781507	59.0	0.0	0.4684684684684684	5.551115123125783e-17	0.4566073931897566	0.03249307060427556
88	35.593624114990234	1.6824286999832283	83.0	0.0	0.4028776978417266	0.0	0.4423221668376465	0.028237994330458968
89	54.233147859573364	6.159235903470242	63.0	0.0	0.44247787610619477	5.551115123125783e-17	0.43017663191545913	0.032918599817095336
90	46.17012567520142	6.083988433070149	61.0	0.0	0.4695652173913044	5.551115123125783e-17	0.42526348326024843	0.03491145449899236
91	38.22134203910828	2.1433922806890875	64.0	0.0	0.45762711864406774	5.551115123125783e-17	0.43184986432591776	0.035819144985391134
92	52.43373107910156	1.785601840436145	58.0	0.0	0.4821428571428571	5.551115123125783e-17	0.4358848627551367	0.037765771902144314
93	25.005776500701906	1.6055745171382307	92.0	0.0	0.39473684210526316	0.0	0.44281531896843324	0.03335447337856691
94	42.74309105873108	1.6197717871051485	63.0	0.0	0.46153846153846156	0.0	0.42944497970998546	0.03726114757092072
95	40.19606909751892	1.7078509578683776	78.0	0.0	0.4	0.0	0.44286892431462854	0.029000088012429714
96	43.35722589492798	2.037029266250328	65.0	0.0	0.453781512605042	0.0	0.45962845594927326	0.011945077449595033
97	58.90759813785553	4.838745812542588	62.0	0.0	0.46551724137931033	0.0	0.44761020275103647	0.02435950794854318
98	59.709401965141296	3.0715543716240385	63.0	0.0	0.44247787610619477	5.551115123125783e-17	0.43904386136019397	0.037794432416181675
99	62.73685266971588	3.810364149211537	64.0	0.0	0.42857142857142855	0.0	0.4397829464815012	0.026559887656790838
100	49.67332310676575	1.0734828996278725	61.0	0.0	0.4695652173913044	5.551115123125783e-17	0.45954244886450696	0.013415217489417049
